N = 400

NEOPT
1. 1.023674
2. 1.029005
3. 0.986182
4. 1.039173
5. 1.029546
=> 1.021516


OPT_M
1. 0.356181
2. 0.364988
3. 0.359856
4. 0.340920
5. 0.365845
=> 0.357558


BLAS
1. 0.063100
2. 0.061935
3. 0.059347
4. 0.060342
5. 0.062658
=> 0.0614764


N = 600

NEOPT
1. 3.497025
2. 3.550507
3. 3.164473
4. 3.535889
5. 3.291840
=> 3.4079468

 
OPT_M
1. 1.077818
2. 1.086620
3. 1.821734
4. 1.042987
5. 1.157284
=> 1.2372886


BLAS
1. 0.152567
2. 0.152535
3. 0.159524
4. 0.162998
5. 0.157243
=> 0.1569734

N = 800

NEOPT
1. 8.031803
2. 7.972328
3. 7.182749
4. 7.906000
5. 7.969483
=> 7.8124726


OPT_M
1. 2.447717
2. 2.585538
3. 2.465027
4. 2.621799
5. 2.466082
=> 2.5172326


BLAS
1. 0.283584
2. 0.297915
3. 0.304220
4. 0.303331
5. 0.295826
=> 0.2969752


N = 1000

NEOPT
1. 15.184969
2. 15.251835
3. 13.653803
4. 15.035508
5. 15.046714
=> 14.8345658


OPT_M
1. 4.988916
2. 4.766829
3. 4.777732
4. 4.839534
5. 4.818365
=> 4.8382752


BLAS
1. 0.504632
2. 0.539148
3. 0.521691
4. 0.506009
5. 0.518245
=> 0.517945


N = 1200

NEOPT
1. 27.379564
2. 27.304129
3. 24.271332
4. 27.344982
5. 27.776861
=> 26.8153736


OPT_M
1. 8.814808
2. 8.781051
3. 8.177652
4. 8.530722
5. 8.326368
=> 8.5261202


BLAS
1. 0.861787
2. 0.885501
3. 0.859519
4. 0.875593
5. 0.862534
=> 0.8689868